43180833014556035143652020001663821412971785
43171288212113005594650010002931029000293917
43180297062871000171650030000991091001483656
43180397062871000171650020001395861002107410
43180497062871000171651100000911351001395082
43180497062871000171650020001469691002218968
43180438014556127420652020000438931884572722
43180433014556130561653080000094911666111270
43180397062871000171651250000646011000987925
43180388212113026834650010001603129000174643
43180497062871000171650020001457801002200866
43180397062871000171650030001080491001616736
43180597062871000171650010002067071003048375
43180497062871000171650020001427381002155677
43180597062871000171650030001136301001700698
43180597062871000171651250000742211001137021
43180497062871000171650010001996821002943329
43180387397865001940652080000042681261512136
43180397062871000171650030001062691001590430
43180393489243000892650020001996221002029381
43180397062871000171650030001065681001594523
43180392665611019946650010000974931405527210
43180210447389000171650010001919961615670783
43180110447389000171650010001719601799084994
43180210447389000171650010001937461837947516
43180387397865001940652010000032521131828177
43180110673262000170650010003851311464146610
43180393209765002080650190000686131826073136
43180210673262000170650010003997881707999710
43180397062871000171650030001081501001618280
43180397062871000171650030001040181001556755
43180397062871000171650030001045501001564582
43180397062871000171650030001043481001561703
43180397062871000171650020001404201002120055
43180397062871000171650020001405381002151906
43180397062871000171650090001307081001994500
43180397062871000171650010001976221002913348
43180397062871000171651100000890701001363370
43180397062871000171650020001408561002126791
43180397062871000171650020001417481002140325
43180397062871000171651250000622731000952038
43180397062871000171650010001965031002896995
43180397062871000171651100000877001001342229
43180397062871000171650030001076081001610202
43180397062871000171650030001057181001582236
43180293209765002080650100000546079280503423
43180393489243002836650020001008231002250822
43180210673262000170650010004047481512334118
43180110673262000170650010003799731816772641
43180387397865002246652030000005931101139521